Sample	0	1	2	3	4	5	6	7	8	9	10	11	12	13	14	15	16	17	18	19	20	21	22	23	24	25	26	27	28	29	30	31	32	33	34	35	36	37	38	39	40	41	42	43	44	45	46	47	48	49	50	51
mouse_110_WT_C	(50, 638)	(51, 735)	(52, 677)	(53, 665)	(54, 735)	(55, 695)	(56, 790)	(57, 797)	(58, 921)	(59, 987)	(60, 1131)	(61, 1303)	(62, 1375)	(63, 1544)	(64, 1644)	(65, 1728)	(66, 1785)	(67, 2007)	(68, 2037)	(69, 2318)	(70, 2399)	(71, 2627)	(72, 3017)	(73, 3118)	(74, 3433)	(75, 3736)	(76, 3751)	(77, 4146)	(78, 4894)	(79, 5426)	(80, 5885)	(81, 6352)	(82, 6856)	(83, 7249)	(84, 7311)	(85, 7773)	(86, 8110)	(87, 8697)	(88, 9716)	(89, 10682)	(90, 12145)	(91, 13160)	(92, 13727)	(93, 14231)	(94, 15560)	(95, 17070)	(96, 18337)	(97, 20521)	(98, 31321)	(99, 36672)	(100, 97909)	(101, 2081293)
mouse_110_WT_NC	(50, 717)	(51, 788)	(52, 745)	(53, 781)	(54, 774)	(55, 881)	(56, 867)	(57, 979)	(58, 1053)	(59, 1123)	(60, 1333)	(61, 1521)	(62, 1618)	(63, 1777)	(64, 1806)	(65, 1876)	(66, 2035)	(67, 2266)	(68, 2409)	(69, 2580)	(70, 2798)	(71, 2838)	(72, 3384)	(73, 3595)	(74, 3781)	(75, 4240)	(76, 4331)	(77, 4682)	(78, 5548)	(79, 6294)	(80, 6752)	(81, 7409)	(82, 7946)	(83, 8392)	(84, 8619)	(85, 9259)	(86, 9617)	(87, 10454)	(88, 11507)	(89, 12442)	(90, 13996)	(91, 15334)	(92, 16098)	(93, 16477)	(94, 18218)	(95, 19483)	(96, 20725)	(97, 22966)	(98, 33261)	(99, 39468)	(100, 99384)	(101, 2543384)
mouse_148_WT_C	(50, 728)	(51, 814)	(52, 755)	(53, 796)	(54, 849)	(55, 776)	(56, 855)	(57, 874)	(58, 1025)	(59, 1105)	(60, 1145)	(61, 1467)	(62, 1462)	(63, 1601)	(64, 1764)	(65, 1726)	(66, 1917)	(67, 2082)	(68, 2131)	(69, 2348)	(70, 2462)	(71, 2617)	(72, 3031)	(73, 3195)	(74, 3442)	(75, 3850)	(76, 3916)	(77, 4238)	(78, 5073)	(79, 5533)	(80, 6180)	(81, 6366)	(82, 6948)	(83, 7345)	(84, 7590)	(85, 8030)	(86, 8445)	(87, 9155)	(88, 10281)	(89, 11203)	(90, 12681)	(91, 13774)	(92, 14369)	(93, 14580)	(94, 16083)	(95, 17633)	(96, 19247)	(97, 21271)	(98, 32045)	(99, 38429)	(100, 101785)	(101, 2519306)
mouse_148_WT_NC	(50, 741)	(51, 778)	(52, 733)	(53, 853)	(54, 817)	(55, 803)	(56, 883)	(57, 958)	(58, 1035)	(59, 1133)	(60, 1279)	(61, 1527)	(62, 1513)	(63, 1690)	(64, 1769)	(65, 1879)	(66, 2021)	(67, 2217)	(68, 2364)	(69, 2451)	(70, 2654)	(71, 2858)	(72, 3154)	(73, 3578)	(74, 3629)	(75, 4167)	(76, 4180)	(77, 4539)	(78, 5335)	(79, 5815)	(80, 6284)	(81, 6806)	(82, 7348)	(83, 7762)	(84, 8116)	(85, 8473)	(86, 8880)	(87, 9636)	(88, 10720)	(89, 11682)	(90, 13046)	(91, 14385)	(92, 14756)	(93, 15077)	(94, 16782)	(95, 17905)	(96, 19314)	(97, 21353)	(98, 31487)	(99, 37363)	(100, 95307)	(101, 2356805)
mouse_158_WT_C	(50, 626)	(51, 716)	(52, 718)	(53, 701)	(54, 729)	(55, 756)	(56, 796)	(57, 820)	(58, 883)	(59, 956)	(60, 1120)	(61, 1255)	(62, 1349)	(63, 1355)	(64, 1508)	(65, 1530)	(66, 1688)	(67, 1762)	(68, 1815)	(69, 2065)	(70, 2192)	(71, 2362)	(72, 2642)	(73, 2869)	(74, 3105)	(75, 3535)	(76, 3495)	(77, 3884)	(78, 4457)	(79, 5065)	(80, 5438)	(81, 6014)	(82, 6422)	(83, 6770)	(84, 7147)	(85, 7507)	(86, 8064)	(87, 8661)	(88, 9603)	(89, 10503)	(90, 12087)	(91, 13126)	(92, 13984)	(93, 14178)	(94, 15827)	(95, 17319)	(96, 18812)	(97, 21169)	(98, 32620)	(99, 38923)	(100, 110792)	(101, 2713751)
mouse_158_WT_NC	(50, 663)	(51, 781)	(52, 707)	(53, 689)	(54, 739)	(55, 801)	(56, 813)	(57, 843)	(58, 913)	(59, 977)	(60, 1150)	(61, 1333)	(62, 1295)	(63, 1476)	(64, 1644)	(65, 1664)	(66, 1818)	(67, 1848)	(68, 2005)	(69, 2167)	(70, 2247)	(71, 2408)	(72, 2816)	(73, 2764)	(74, 3084)	(75, 3591)	(76, 3585)	(77, 3693)	(78, 4476)	(79, 5062)	(80, 5388)	(81, 5815)	(82, 6244)	(83, 6666)	(84, 6786)	(85, 7109)	(86, 7735)	(87, 8261)	(88, 9154)	(89, 10211)	(90, 11280)	(91, 12525)	(92, 13023)	(93, 13234)	(94, 14845)	(95, 16103)	(96, 17631)	(97, 19970)	(98, 31076)	(99, 37243)	(100, 102644)	(101, 2460910)
mouse_183_KOMIR150_C	(50, 739)	(51, 726)	(52, 711)	(53, 689)	(54, 731)	(55, 792)	(56, 754)	(57, 858)	(58, 911)	(59, 977)	(60, 1151)	(61, 1269)	(62, 1355)	(63, 1484)	(64, 1549)	(65, 1634)	(66, 1790)	(67, 1896)	(68, 1947)	(69, 2208)	(70, 2181)	(71, 2431)	(72, 2738)	(73, 2947)	(74, 3048)	(75, 3491)	(76, 3506)	(77, 3697)	(78, 4417)	(79, 5136)	(80, 5616)	(81, 5912)	(82, 6535)	(83, 6665)	(84, 6856)	(85, 7352)	(86, 7760)	(87, 8439)	(88, 9396)	(89, 10228)	(90, 11454)	(91, 12483)	(92, 13037)	(93, 13340)	(94, 14620)	(95, 16062)	(96, 17364)	(97, 19134)	(98, 28522)	(99, 34624)	(100, 87117)	(101, 2351900)
mouse_183_KOMIR150_NC	(50, 567)	(51, 629)	(52, 599)	(53, 540)	(54, 574)	(55, 621)	(56, 592)	(57, 689)	(58, 702)	(59, 759)	(60, 831)	(61, 1069)	(62, 1070)	(63, 1140)	(64, 1256)	(65, 1325)	(66, 1487)	(67, 1679)	(68, 1696)	(69, 1831)	(70, 1818)	(71, 1999)	(72, 2229)	(73, 2299)	(74, 2553)	(75, 2792)	(76, 2901)	(77, 3040)	(78, 3620)	(79, 4064)	(80, 4362)	(81, 4541)	(82, 4903)	(83, 5193)	(84, 5376)	(85, 5671)	(86, 5915)	(87, 6606)	(88, 7176)	(89, 7828)	(90, 9052)	(91, 9866)	(92, 10281)	(93, 10148)	(94, 11368)	(95, 12528)	(96, 13705)	(97, 15675)	(98, 23821)	(99, 28787)	(100, 76133)	(101, 1768680)
mouse_198_KOMIR150_C	(50, 723)	(51, 706)	(52, 715)	(53, 739)	(54, 744)	(55, 723)	(56, 815)	(57, 844)	(58, 1031)	(59, 1054)	(60, 1161)	(61, 1373)	(62, 1368)	(63, 1490)	(64, 1578)	(65, 1773)	(66, 1834)	(67, 2011)	(68, 2105)	(69, 2181)	(70, 2611)	(71, 2561)	(72, 2962)	(73, 3130)	(74, 3362)	(75, 3734)	(76, 3791)	(77, 4130)	(78, 4939)	(79, 5489)	(80, 6021)	(81, 6349)	(82, 6647)	(83, 7097)	(84, 7603)	(85, 7987)	(86, 8470)	(87, 9199)	(88, 10136)	(89, 10755)	(90, 12584)	(91, 13534)	(92, 14261)	(93, 14498)	(94, 16103)	(95, 17437)	(96, 18790)	(97, 20600)	(98, 30498)	(99, 36459)	(100, 92808)	(101, 2521190)
mouse_198_KOMIR150_NC	(50, 702)	(51, 684)	(52, 723)	(53, 689)	(54, 666)	(55, 747)	(56, 767)	(57, 844)	(58, 886)	(59, 1015)	(60, 1057)	(61, 1207)	(62, 1293)	(63, 1446)	(64, 1537)	(65, 1635)	(66, 1729)	(67, 1882)	(68, 1907)	(69, 2201)	(70, 2386)	(71, 2535)	(72, 2816)	(73, 2961)	(74, 3166)	(75, 3663)	(76, 3744)	(77, 4013)	(78, 4724)	(79, 5306)	(80, 5664)	(81, 6190)	(82, 6771)	(83, 7012)	(84, 7330)	(85, 7821)	(86, 8351)	(87, 9040)	(88, 9996)	(89, 10854)	(90, 12421)	(91, 13587)	(92, 14231)	(93, 14620)	(94, 16179)	(95, 17969)	(96, 19180)	(97, 22055)	(98, 34151)	(99, 40720)	(100, 113861)	(101, 2594339)
mouse_206_KOMIR150_C	(50, 658)	(51, 614)	(52, 594)	(53, 604)	(54, 617)	(55, 605)	(56, 659)	(57, 625)	(58, 688)	(59, 785)	(60, 839)	(61, 971)	(62, 1037)	(63, 1246)	(64, 1294)	(65, 1499)	(66, 1521)	(67, 1742)	(68, 2007)	(69, 1924)	(70, 2015)	(71, 2179)	(72, 2400)	(73, 2482)	(74, 2622)	(75, 2953)	(76, 2865)	(77, 3169)	(78, 3789)	(79, 4233)	(80, 4332)	(81, 4424)	(82, 4764)	(83, 4647)	(84, 4651)	(85, 4970)	(86, 5284)	(87, 5595)	(88, 6259)	(89, 6698)	(90, 7623)	(91, 8302)	(92, 8303)	(93, 8541)	(94, 9366)	(95, 10318)	(96, 11426)	(97, 12838)	(98, 19493)	(99, 23330)	(100, 60401)	(101, 1311398)
mouse_206_KOMIR150_NC	(50, 544)	(51, 586)	(52, 615)	(53, 630)	(54, 639)	(55, 631)	(56, 625)	(57, 666)	(58, 702)	(59, 728)	(60, 835)	(61, 854)	(62, 991)	(63, 1131)	(64, 1220)	(65, 1245)	(66, 1311)	(67, 1478)	(68, 1529)	(69, 1607)	(70, 1671)	(71, 1741)	(72, 1922)	(73, 1944)	(74, 2131)	(75, 2482)	(76, 2413)	(77, 2582)	(78, 3166)	(79, 3428)	(80, 3646)	(81, 3813)	(82, 3918)	(83, 3994)	(84, 4177)	(85, 4278)	(86, 4409)	(87, 4808)	(88, 5265)	(89, 5810)	(90, 6468)	(91, 6894)	(92, 7119)	(93, 7033)	(94, 7814)	(95, 8689)	(96, 9579)	(97, 10532)	(98, 15509)	(99, 18372)	(100, 45538)	(101, 959767)
mouse_2670_KOTet3_C	(50, 742)	(51, 797)	(52, 816)	(53, 832)	(54, 821)	(55, 836)	(56, 878)	(57, 922)	(58, 1052)	(59, 1128)	(60, 1302)	(61, 1433)	(62, 1466)	(63, 1697)	(64, 1725)	(65, 1824)	(66, 1950)	(67, 2212)	(68, 2253)	(69, 2434)	(70, 2572)	(71, 2759)	(72, 3180)	(73, 3399)	(74, 3607)	(75, 4106)	(76, 4195)	(77, 4551)	(78, 5374)	(79, 5927)	(80, 6279)	(81, 6861)	(82, 7372)	(83, 7674)	(84, 8149)	(85, 8617)	(86, 8946)	(87, 9826)	(88, 10852)	(89, 11830)	(90, 13311)	(91, 14634)	(92, 15407)	(93, 15941)	(94, 17179)	(95, 18627)	(96, 20198)	(97, 22617)	(98, 34017)	(99, 41036)	(100, 108367)	(101, 2605038)
mouse_2670_KOTet3_NC	(50, 710)	(51, 733)	(52, 721)	(53, 691)	(54, 726)	(55, 799)	(56, 758)	(57, 818)	(58, 933)	(59, 1052)	(60, 1171)	(61, 1349)	(62, 1368)	(63, 1540)	(64, 1614)	(65, 1703)	(66, 1809)	(67, 1922)	(68, 2014)	(69, 2266)	(70, 2433)	(71, 2484)	(72, 2930)	(73, 3023)	(74, 3369)	(75, 3685)	(76, 3825)	(77, 4048)	(78, 4775)	(79, 5470)	(80, 5891)	(81, 6322)	(82, 6828)	(83, 7136)	(84, 7542)	(85, 8006)	(86, 8365)	(87, 9186)	(88, 9955)	(89, 11219)	(90, 12486)	(91, 13445)	(92, 14175)	(93, 14679)	(94, 16373)	(95, 17637)	(96, 19199)	(97, 21800)	(98, 33311)	(99, 39998)	(100, 110466)	(101, 2678200)
mouse_7530_KOTet3_C	(50, 751)	(51, 776)	(52, 776)	(53, 831)	(54, 860)	(55, 850)	(56, 915)	(57, 990)	(58, 1013)	(59, 1148)	(60, 1226)	(61, 1435)	(62, 1434)	(63, 1679)	(64, 1815)	(65, 1958)	(66, 1955)	(67, 2135)	(68, 2294)	(69, 2432)	(70, 2594)	(71, 2814)	(72, 3159)	(73, 3336)	(74, 3675)	(75, 4132)	(76, 4109)	(77, 4447)	(78, 5235)	(79, 5897)	(80, 6385)	(81, 6844)	(82, 7465)	(83, 7810)	(84, 8071)	(85, 8648)	(86, 9022)	(87, 9613)	(88, 10723)	(89, 11675)	(90, 13088)	(91, 14598)	(92, 15118)	(93, 15456)	(94, 16915)	(95, 18559)	(96, 19905)	(97, 21934)	(98, 32158)	(99, 37963)	(100, 96338)	(101, 2403500)
mouse_7530_KOTet3_NC	(50, 659)	(51, 685)	(52, 718)	(53, 730)	(54, 728)	(55, 725)	(56, 853)	(57, 952)	(58, 938)	(59, 1034)	(60, 1125)	(61, 1362)	(62, 1393)	(63, 1506)	(64, 1615)	(65, 1653)	(66, 1831)	(67, 1923)	(68, 2113)	(69, 2241)	(70, 2500)	(71, 2627)	(72, 2978)	(73, 3205)	(74, 3538)	(75, 3913)	(76, 3978)	(77, 4343)	(78, 4990)	(79, 5578)	(80, 5954)	(81, 6613)	(82, 7108)	(83, 7616)	(84, 7818)	(85, 8341)	(86, 8781)	(87, 9806)	(88, 10700)	(89, 11624)	(90, 13424)	(91, 14437)	(92, 15105)	(93, 15625)	(94, 17552)	(95, 19095)	(96, 20746)	(97, 23930)	(98, 38067)	(99, 44367)	(100, 136331)	(101, 2679824)
mouse_7531_KOTet3_C	(50, 764)	(51, 789)	(52, 795)	(53, 808)	(54, 810)	(55, 844)	(56, 928)	(57, 963)	(58, 980)	(59, 1127)	(60, 1165)	(61, 1383)	(62, 1449)	(63, 1600)	(64, 1700)	(65, 1783)	(66, 1973)	(67, 2094)	(68, 2261)	(69, 2354)	(70, 2578)	(71, 2819)	(72, 3227)	(73, 3394)	(74, 3614)	(75, 4111)	(76, 4129)	(77, 4527)	(78, 5180)	(79, 6074)	(80, 6458)	(81, 6791)	(82, 7528)	(83, 7967)	(84, 8386)	(85, 8632)	(86, 9255)	(87, 9942)	(88, 11003)	(89, 12079)	(90, 13647)	(91, 15140)	(92, 15576)	(93, 16334)	(94, 17784)	(95, 19601)	(96, 21135)	(97, 24063)	(98, 37193)	(99, 44109)	(100, 123988)	(101, 2491726)
mouse_7532_WT_NC	(50, 748)	(51, 797)	(52, 866)	(53, 742)	(54, 807)	(55, 823)	(56, 877)	(57, 936)	(58, 1031)	(59, 1173)	(60, 1326)	(61, 1512)	(62, 1505)	(63, 1792)	(64, 1819)	(65, 1897)	(66, 2106)	(67, 2217)	(68, 2295)	(69, 2573)	(70, 2724)	(71, 2872)	(72, 3218)	(73, 3572)	(74, 3660)	(75, 4161)	(76, 4212)	(77, 4647)	(78, 5473)	(79, 5988)	(80, 6657)	(81, 7212)	(82, 7544)	(83, 7994)	(84, 8325)	(85, 8662)	(86, 8970)	(87, 9757)	(88, 10968)	(89, 11958)	(90, 13498)	(91, 14833)	(92, 15598)	(93, 16051)	(94, 17440)	(95, 18808)	(96, 20331)	(97, 22318)	(98, 32692)	(99, 38826)	(100, 97841)	(101, 2584384)
mouse_H510_WT_C	(50, 654)	(51, 717)	(52, 722)	(53, 746)	(54, 776)	(55, 781)	(56, 815)	(57, 836)	(58, 963)	(59, 1047)	(60, 1242)	(61, 1396)	(62, 1425)	(63, 1608)	(64, 1767)	(65, 1833)	(66, 1992)	(67, 2072)	(68, 2105)	(69, 2358)	(70, 2617)	(71, 2870)	(72, 3135)	(73, 3209)	(74, 3549)	(75, 4072)	(76, 3997)	(77, 4383)	(78, 5282)	(79, 5619)	(80, 6078)	(81, 6667)	(82, 7149)	(83, 7447)	(84, 7712)	(85, 8130)	(86, 8653)	(87, 9405)	(88, 10266)	(89, 11366)	(90, 12469)	(91, 13751)	(92, 14473)	(93, 14560)	(94, 16237)	(95, 17852)	(96, 19110)	(97, 21418)	(98, 31823)	(99, 38068)	(100, 98380)	(101, 2401467)
mouse_H510_WT_NC	(50, 671)	(51, 725)	(52, 712)	(53, 688)	(54, 689)	(55, 736)	(56, 800)	(57, 824)	(58, 914)	(59, 1009)	(60, 1106)	(61, 1274)	(62, 1328)	(63, 1479)	(64, 1606)	(65, 1603)	(66, 1853)	(67, 1890)	(68, 1985)	(69, 2117)	(70, 2273)	(71, 2529)	(72, 2833)	(73, 3030)	(74, 3120)	(75, 3580)	(76, 3567)	(77, 3946)	(78, 4790)	(79, 5197)	(80, 5671)	(81, 6029)	(82, 6602)	(83, 6734)	(84, 6943)	(85, 7698)	(86, 7838)	(87, 8438)	(88, 9485)	(89, 10458)	(90, 11748)	(91, 12871)	(92, 13502)	(93, 13785)	(94, 15545)	(95, 16473)	(96, 17876)	(97, 20208)	(98, 30551)	(99, 36857)	(100, 97274)	(101, 2708077)
mouse_H514_WT_C	(50, 961)	(51, 1046)	(52, 1000)	(53, 991)	(54, 940)	(55, 961)	(56, 1015)	(57, 1075)	(58, 1205)	(59, 1368)	(60, 1501)	(61, 1696)	(62, 1764)	(63, 1960)	(64, 2073)	(65, 2231)	(66, 2325)	(67, 2502)	(68, 2579)	(69, 2855)	(70, 3171)	(71, 3219)	(72, 3531)	(73, 3847)	(74, 3989)	(75, 4668)	(76, 4734)	(77, 4878)	(78, 5848)	(79, 6529)	(80, 7156)	(81, 7357)	(82, 7846)	(83, 8102)	(84, 8550)	(85, 8769)	(86, 9196)	(87, 9817)	(88, 10776)	(89, 12128)	(90, 13230)	(91, 14253)	(92, 14894)	(93, 15293)	(94, 16170)	(95, 17806)	(96, 19014)	(97, 20723)	(98, 29385)	(99, 35465)	(100, 86134)	(101, 2163280)
mouse_H514_WT_NC	(50, 716)	(51, 757)	(52, 705)	(53, 757)	(54, 728)	(55, 749)	(56, 783)	(57, 832)	(58, 828)	(59, 1014)	(60, 1072)	(61, 1358)	(62, 1292)	(63, 1573)	(64, 1653)	(65, 1670)	(66, 1852)	(67, 1958)	(68, 2006)	(69, 2234)	(70, 2474)	(71, 2592)	(72, 2847)	(73, 3179)	(74, 3281)	(75, 3787)	(76, 3878)	(77, 4122)	(78, 4986)	(79, 5440)	(80, 6050)	(81, 6451)	(82, 6915)	(83, 7457)	(84, 7736)	(85, 8238)	(86, 8737)	(87, 9450)	(88, 10293)	(89, 11380)	(90, 12803)	(91, 14045)	(92, 14755)	(93, 14923)	(94, 16776)	(95, 18351)	(96, 19765)	(97, 22331)	(98, 34767)	(99, 41775)	(100, 113103)	(101, 2558193)
